5924
214
6274
7886
3554
8972
8445
7655
1875
1102
6221
5297
5123
6882
3248
1068
3882
2726
298
3474
938
4772
2107
8226
1064
8465
4043
4048
2487
1773
8741
8302
7946
2594
4772
5235
8016
8811
9843
5971
2578
2136
4451
1390
3802
5884
7928
1571
4670
4497
429
1579
8222
6869
1744
2294
4971
9280
5231
6630
5652
4536
4328
6468
7422
5312
7037
8349
6452
8162
3109
7800
6098
1324
9260
3148
1501
6239
5899
3584
2159
2396
5
9264
2422
4067
2508
5933
4857
7508
6352
4671
8727
4811
3419
257
901
4250
8251
3633
6532
2159
7134
8622
4367
7399
7761
6588
1280
2827
2798
5989
1332
6742
3109
3961
338
4852
8500
9472
980
2039
5780
6503
5522
4600
8348
5727
9542
6985
2535
758
6230
8435
961
9397
651
5624
7393
2968
6622
9638
3262
9713
9609
2443
1770
9656
1301
9770
4157
3295
7645
3429
1458
6992
1761
2871
3520
3988
6078
9411
4794
6532
6466
5858
5145
757
448
2603
703
3309
127
1833
3621
876
5068
4666
5407
324
1382
4418
6221
8970
2080
1356
1446
4547
9200
9159
6859
8687
3455
8628
2411
55
2955
5082
7244
8078
4677
5913
1906
1292
270
5303
9102
3488
1364
7203
8087
6708
3644
7176
7106
4961
9206
7870
1525
3329
6000
8472
7772
8935
6836
5778
5027
2010
525
4264
3432
9040
9296
3211
1404
589
1027
1716
2396
9324
7641
7458
3963
7702
9844
7769
5575
6802
2893
567
8424
3966
5630
8723
1675
6078
2928
543
366
3640
2730
9198
7726
7077
4636
990
8793
138
5489
9791
2140
2659
3596
1456
9904
1924
62
2282
6448
1696
9218
3588
9226
5396
7415
3856
229
5355
2845
6335
5021
5675
1828
6315
6224
1268
5536
5820
8304
8856
461
827
3742
7237
2522
9725
4951
5356
2690
4012
1636
3659
5320
3375
5176
7746
1180
4573
9479
9002
138
4166
8723
3891
3934
8102
5774
5605
790
8794
9857
9093
1204
3962
2894
8780
5718
8905
330
6583
4681
2176
2114
1578
2577
7297
216
8523
1186
5201
8309
9816
9256
6590
5180
2085
5081
5681
3156
3772
4883
5590
5460
6734
9592
1578
8937
4744
5384
4194
1216
305
5481
2364
3388
9949
2444
8681
3066
1664
9557
160
6487
9891
6172
1594
2886
3575
8134
4320
9846
9053
5676
9851
9516
2794
6086
2625
4230
7007
2437
8907
2660
8508
5543
9206
3147
9737
5262
3451
4369
3415
6541
7745
4504
250
3548
2552
708
5238
5293
381
374
7797
167
4414
4690
2370
803
6747
1301
9535
4632
4931
317
2617
3233
2862
1391
9713
3065
4463
397
4638
9495
9767
8617
3769
382
3175
8225
5217
1690
6461
7476
4500
4110
9368
4784
4288
552
5852
7564
3553
1900
9318
6349
1778
5310
4294
6122
8213
4932
30
261
6480
7366
1207
4884
4074
4326
7296
6845
6086
5334
8141
3156
9785
4615
3411
1876
7202
8521
7906
1370
670
6739
5323
7193
1034
1795
4115
4218
7766
8057
2523
3585
2146
3556
6923
2039
5030
3781
8206
6062
5312
1872
8465
1712
2763
8333
2918
9170
3152
2189
8290
4500
7499
5951
6277
7940
8590
36
4486
3357
5016
4471
48
1215
9067
331
1603
8928
7121
5456
7152
6476
4207
9095
3903
6328
386
3044
841
1457
788
2306
3327
5256
2130
7824
852
2345
590
7964
557
8075
9677
1629
3090
7678
2696
2471
1190
1752
5725
1366
5603
1514
8748
9824
3707
6267
6051
6073
3928
9559
2308
4952
6046
1414
3235
5351
4184
5728
6097
2225
4978
1206
5122
4638
4377
1918
1917
18
8081
6376
1868
2207
5677
8673
7645
7840
5973
8476
8278
1318
362
1888
8565
8573
8381
4718
9564
1969
1961
2887
189
7738
3585
5779
3454
3224
1549
1943
3553
6128
5252
3647
6338
7015
1174
411
2482
1188
4674
7931
6257
825
7005
5721
9954
468
6558
948
2249
8678
4991
9899
2343
8231
1562
8142
4417
6337
8221
3625
7976
7829
8673
3819
4422
1677
7787
8006
2566
7847
5498
5614
399
5804
9633
8449
1559
1214
6348
5715
7647
4072
6228
6477
9034
5763
6268
6535
5286
562
3333
7573
4277
9263
6201
6294
2811
8061
1387
4237
6447
7262
8460
6188
7110
8378
2254
1815
1629
9636
3318
5450
4350
5443
1536
5482
8283
9142
2653
8111
7428
2869
5335
859
4809
3606
2786
3836
9972
7930
7056
545
2863
8618
305
613
172
3905
1089
1887
2633
4029
5794
7722
6133
1987
4215
3781
7525
5308
9220
9266
7008
9200
1192
4494
1591
5791
8675
5854
1924
565
989
9132
6134
4567
734
1625
3925
702
7873
8806
1144
1863
5012
3801
8000
34
8936
736
6836
9965
9385
5308
1039
4599
4228
1088
1167
1597
4932
6822
6853
5415
9952
5894
9023
2450
4050
5628
2723
2727
4242
2752
2104
79
9907
609
9305
4365
397
7705
2174
9683
3041
6087
5912
8876
4347
991
4319
2846
6660
4924
3197
8795
7372
3471
7343
951
5674
6925
36
7150
9947
6285
9768
3795
2847
6371
4446
120
2328
3459
4126
5378
5645
7208
2253
604
4476
8125
9664
4790
3560
5276
9948
7815
148
7093
5196
823
4212
4987
4679
896
2017
8130
525
5796
4732
6496
5166
4019
9289
9204
4756
2971
7283
5765
6719
7379
793
1549
271
1850
3152
1424
9171
8972
1487
1676
9347
6411
6755
7304
7096
8407
4443
1007
7968
4130
5254
2034
4905
7876
5793
8763
5534
488
105
3253
6451
1625
6945
937
6140
4516
880
4925
2836
2814
8832
1635
962
8395
1331
5520
5443
8929
6374
2728
5704
5672
3880
38
5819
6999
5187
3701
3196
445
592
5510
7117
5985
71
7210
7276
8888
6133
5801
2603
8922
5745
9376
1530
7948
6159
8711
5795
5591
1257
498
5406
5172
2082
1029
8491
5918
8144
9880
7852
6827
3136
9968
3110
2204
661
2275
3530
9145
6375
6566
8111
328
6142
7307
7373
698
4603
184
4208
1631
3519
6357
7324
1095
4461
8311
2897
5536
2663
8700
7173
5191
2241
4917
6502
2732
5497
2991
3594
5574
3786
355
1970
6174
8602
9288
5375
8942
4357
6378
6455
6251
8805
2952
3869
8667
1345
1702
945
5545
5503
470
8953
1146
7441
40
7903
9316
4263
4165
7992
7802
5122
399
5382
8490
668
641
5681
7337
7694
8756
3474
5353
2500
7041
9213
9329
3710
4026
4545
4556
1847
4768
6570
8566
4553
1019
5255
7520
6802
4241
2062
7535
7309
9041
1269
1517
9180
3192
7040
1341
6474
2873
2772
6891
4131
4308
5213
3692
7947
8104
3826
9525
1068
9548
2178
3038
920
6553
8599
3506
4052
2817
8163
6411
3172
7818
5958
7984
2566
3193
1263
8641
401
3278
8726
3531
6337
5226
349
9565
5549
9136
1155
2556
6683
8598
2786
426
2413
4732
4714
1503
4348
2838
2543
9331
2940
317
3914
3121
2781
5384
6038
53
508
1659
3283
2543
2038
9326
5247
7259
9923
6408
4704
5350
8057
3946
8810
7492
6208
6808
8080
973
9759
8366
4084
5538
4086
9502
4405
9011
363
1323
409
6853
1653
1081
9933
7604
8286
1280
1319
5891
6756
4
6881
2126
5320
3196
9054
2609
9379
3774
2825
1184
592
5444
305
6638
380
7069
7667
4721
5633
9688
1619
3862
5825
4875
3177
1509
4061
1839
2278
8767
6459
3712
7950
3122
8207
8400
6989
7863
8853
2600
2113
7074
4978
8513
2493
9884
7708
5840
9820
2556
1675
5883
7071
1434
3434
7029
2482
6800
3838
8768
1704
8270
9152
3966
6817
1740
1124
8103
408
1150
2290
5959
5849
552
6741
7126
2155
1328
7779
9810
8087
1615
7728
9070
8399
7650
8949
7929
6389
960
6275
7668
7534
2257
3735
5262
6983
9138
4749
1422
3872
473
3527
6708
845
2994
7702
6185
2418
3779
739
9492
3957
4383
6048
1979
9036
7214
2409
6199
747
875
6487
8539
949
4379
8483
4205
605
3851
3419
7715
42
4472
6009
8790
3306
5555
8404
7167
4082
7139
4684
1914
7653
4621
4172
8290
5587
8832
2457
7836
1551
2009
5955
5349
5441
4872
355
5590
7875
8936
5673
3337
3421
9911
4691
8700
4400
2317
564
8017
2442
6925
904
2307
2465
2421
4818
6559
5459
8274
5024
4416
2902
8506
3753
7116
1547
3840
6798
9106
7853
747
6293
8211
7946
3941
1526
5985
8270
4441
9521
6751
9613
9481
2513
5540
8884
6700
4297
842
4393
4159
6029
7801
7172
2968
3268
8577
6820
6702
3627
9346
7433
9169
8358
6729
7317
5553
6867
7825
5358
4595
3310
891
8433
8109
5404
8810
4747
9381
9632
6108
7718
6746
6492
8934
8319
9778
1605
20
7776
4238
9023
6322
4409
7413
5274
6257
1491
510
1230
6784
7456
899
3641
598
5758
6751
1619
5135
6878
6896
1512
2090
8461
4106
5218
6131
5960
7344
1746
3355
4708
1511
64
673
3094
4909
1281
7216
1986
5046
5501
4430
876
7267
4904
4980
927
18
6030
1474
2295
1673
6198
6256
5909
2158
7953
8794
9650
7267
1570
4571
2910
5548
1939
3118
5774
5442
1520
6286
7193
2838
8591
1545
7245
132
1986
6724
1647
920
7459
1351
3380
6845
1020
5998
9663
43
2548
5897
5534
7022
5249
5735
6940
1310
1319
7043
7985
9396
4666
8517
6182
6166
4633
8401
7094
3130
6965
5386
2050
4997
8968
7304
677
867
1355
3626
3091
6114
3248
9080
6234
5928
1783
4505
7882
2374
5138
7160
2734
7417
4523
4165
8579
4014
4940
6863
292
5270
7406
5080
7441
4350
5925
4806
5428
3192
4370
4619
5910
8663
1305
5030
3951
7952
3440
9671
9173
5734
1201
4316
7865
3586
988
537
4283
5483
2026
7154
136
2185
1794
8178
7966
4828
8766
8918
9947
1067
548
5615
5330
3726
3472
5580
9848
6656
323
6407
2925
7794
9895
1589
4989
7949
6544
8129
2001
1411
6329
6424
3137
3176
9109
1173
6271
1419
8092
7136
4051
1911
3105
641
1604
8749
3379
432
2722
3789
8418
3855
9793
5090
7429
2265
3309
9082
3787
5522
8458
4754
5907
3756
8443
8807
7432
379
5099
1910
626
8136
7047
6448
7293
4896
5192
9512
4316
2306
5207
8380
8963
7976
3168
5416
4584
7145
3898
3549
4509
4997
8211
5009
5724
6963
9432
8607
9927
8364
8614
6331
205
884
298
9253
7763
4097
8381
3283
5897
4647
4866
2640
1708
9608
2512
8650
9152
114
9188
8027
9920
795
5611
9582
3919
8772
2350
2798
1302
5501
8506
8937
1116
9960
3102
220
3089
8971
6982
6669
9415
7322
7973
1436
6982
1488
970
9507
1710
1442
5858
2127
6581
1652
7535
2624
8053
6020
7847
3111
2611
9540
1658
3849
2162
6147
2460
8235
1010
1199
9296
7872
9649
3199
5882
4922
5339
4786
3127
3704
9761
3138
4755
5669
8226
9530
9148
5449
6173
8429
1787
2967
1593
5267
4362
368
6558
9996
5607
7483
12
9556
7616
7384
2115
6911
4299
846
1704
8664
9209
8584
19
7719
1911
1802
2940
2202
5448
9372
6919
4660
4656
8910
9713
9689
439
4853
9784
9566
1863
4104
5369
1460
9579
6152
7962
4811
7351
8737
1899
7238
2915
4825
1655
1754
5326
8182
5821
8817
1834
9478
7194
7024
1464
2782
8780
7726
9089
6147
3743
1075
1695
434
75
7180
299
3682
2197
1680
2828
9580
4521
24
7606
3313
7771
459
9608
3627
8439
4721
5163
6505
1753
6285
3617
8965
6937
1038
6570
2920
4085
202
843
2521
5307
7868
5250
3269
481
1576
1024
8752
4472
95
806
8532
1969
4415
1746
2927
6261
9942
5445
5717
2776
1598
538
3073
6995
9984
1791
1166
9990
9252
4080
1531
9514
8533
7431
7910
4269
1189
5872
1468
3790
9688
1819
6517
5525
663
1655
579
648
3284
8926
2865
5197
6266
5141
4451
2482
2156
3180
4850
2177
6027
9099
2952
8704
2993
3333
218
7032
5574
5390
3777
9029
1731
370
9041
9767
3759
5103
4767
4921
9030
6820
1656
3274
7354
1698
8768
1873
634
6392
7926
9349
536
7335
2302
7189
1520
9050
4792
4957
5666
3083
7487
6591
4442
5496
3528
3559
605
3529
5510
984
5594
4471
154
666
6473
7711
7146
7907
569
1931
6553
3455
5722
5315
991
4493
8199
1068
3439
996
7241
9584
3680
2501
3849
7111
9569
3494
4597
3039
7390
1109
3488
9743
8989
7782
1628
3497
7204
3001
7937
4618
523
7788
1274
7912
6409
1418
1566
2859
6269
1915
2232
4329
4946
6144
9807
4638
1008
5101
891
7782
6832
5685
7375
238
5641
3581
9733
3469
9617
2415
6104
9200
1839
5156
3709
4397
9332
7901
3545
9365
6087
9170
7260
3138
4338
9379
6889
6657
4877
9018
1437
9287
8818
3299
6385
2872
3155
2878
2282
9087
7127
9168
8787
5115
6515
5581
5586
1516
4004
9715
8732
867
9425
8257
6934
89
4057
6319
9364
328
9336
5637
3464
4365
4394
602
999
2072
3474
4913
1564
1464
7413
9264
1155
8773
2721
7951
3596
2335
2961
4151
1111
4167
8286
5992
5812
9763
7419
3281
4959
7796
7173
4865
1330
2866
1457
3496
3085
9141
8107
6783
397
2917
87
1928
5584
9976
7460
3612
7949
2568
4732
4192
4641
1257
8284
9234
2923
5594
8897
4494
5889
6567
4136
4202
1616
2299
5043
8200
2734
6067
1883
4841
675
2253
1123
5862
771
4204
7660
1547
9018
1358
392
5667
2143
5176
2642
3120
6446
4082
6707
9111
6883
7516
1352
5252
8202
729
4739
7271
7817
4784
1415
7387
9379
8260
9493
6608
917
53
6282
8132
6911
363
9403
5716
1965
4347
166
5218
4841
7918
5248
4533
8332
2900
361
2580
3220
3834
5065
7408
1836
5571
8798
6008
6469
7523
1601
3808
4524
9084
1142
1203
3708
2890
7168
1210
5494
9020
1789
3158
291
8936
8243
9274
2776
2588
7099
3309
2173
2800
6266
3385
8097
5257
496
6540
7712
3324
4000
8835
4792
2728
3017
2666
4828
9886
2035
5774
3372
8390
862
7177
1518
3588
8295
7383
5975
8639
189
6563
5396
7036
3735
8450
5655
3793
946
7209
9153
9075
1846
5918
5107
4640
6258
42
1573
1574
9928
8880
2369
3680
4557
7041
84
8591
5218
8358
4828
8469
6834
6004
2066
3984
3952
831
7918
9481
7680
6581
7217
9907
740
9833
3008
9617
2969
7962
6608
6224
3080
7118
9964
5933
2473
9764
1157
193
7531
4868
5470
5814
4043
3361
7438
5961
9127
1572
8434
8067
8659
2143
5270
4055
821
3586
9323
2366
9352
7039
1587
5286
2309
9898
8532
9801
2067
4763
639
1641
3945
5463
41
2783
4204
4051
9249
5127
5720
1585
1402
1378
8214
9300
3233
8819
3135
9806
9557
5668
4257
2790
4322
2441
6092
5978
4332
2795
183
5173
8630
9089
2663
8951
9485
9795
4935
4081
6687
7389
47
3818
1619
6944
4516
8454
7116
544
4591
4295
6970
5910
7053
4628
5881
8019
5701
5594
9482
3964
3783
9501
8194
9737
860
8717
2199
6974
2383
8620
8818
8812
3594
937
2675
4422
2088
4855
808
5421
5190
4650
5279
7863
5763
3610
356
2122
5935
5745
3827
484
9937
3845
5207
6346
9533
2757
5266
3361
765
5792
8369
674
6189
4568
1006
3230
3738
1585
9716
7144
193
7298
6021
5562
5414
5235
3550
8281
7603
2429
7774
5564
7958
4428
9410
6257
3315
3962
6648
9210
9219
4102
4086
7881
2409
4000
5864
6470
4735
3331
3036
5893
7296
4457
7611
2990
8896
468
4087
9275
2245
4226
3031
4013
3185
4919
9294
1245
5366
9956
4305
1812
5788
9960
7008
6514
5905
6501
9516
3854
1436
727
3918
7015
3920
9499
9846
4193
6932
2628
969
506
9077
1144
5474
3831
7167
8661
5592
7626
9247
3435
964
3139
9353
9718
7928
2257
3759
78
8048
3049
4721
255
3559
2034
9642
118
6452
4606
4747
1282
1006
4624
4305
1915
393
764
7807
6243
6808
2598
5312
6291
1688
1841
7513
9272
889
5652
5802
9290
5221
8482
9405
4420
3899
7282
8024
6952
8996
1783
8797
5369
533
4714
6996
6416
9796
264
3806
8667
2
2651
1448
9855
4707
1025
4594
1659
5914
8967
5866
1571
8498
3941
3302
6187
4384
6900
1357
191
5683
254
34
3365
3971
6449
1405
5157
8491
4380
1995
6196
6150
4884
1249
3850
2093
9039
5210
8519
5278
6180
609
7171
139
169
1864
4294
2544
5347
1717
6501
6938
146
2389
9780
4733
9759
2112
1231
9885
5469
5108
4060
3229
8623
2452
274
2509
5710
8919
5320
7691
9958
7904
3867
4752
5253
3750
4852
5131
6584
1869
378
5405
9860
8219
5324
9046
4022
7980
226
5907
7476
9681
8678
8286
7040
1407
2954
9959
2239
9349
481
3665
5264
1452
7326
401
2207
1295
9980
473
3765
4096
8273
847
7759
4719
3917
6490
363
5914
3490
8642
2865
8884
3197
3386
8643
2003
2162
3567
865
6858
1854
5806
4407
1182
4484
2833
2506
2558
6495
3631
7163
8803
5119
2125
4851
8201
3257
4624
8775
4291
5427
2479
9972
1045
9072
8511
8287
273
5847
9645
5995
8142
4309
1807
5803
6194
4079
8889
2040
6497
6915
9716
6199
9172
702
9248
555
9348
7495
9383
8402
3340
7289
6222
5766
104
6263
1277
2561
5840
1971
6752
7417
4199
9398
3351
8442
7716
1820
6253
9426
2288
5800
5659
9228
8136
5722
388
8412
4205
1443
284
4931
5646
6342
1467
4858
3571
9219
2703
3620
6564
9868
1492
3365
3512
6228
139
37
9647
495
4312
1562
6098
5413
2173
1298
4583
8261
1052
750
3489
4869
2329
3877
297
9146
609
9151
4284
9065
9924
357
7371
6098
9724
4119
9302
4146
9098
2467
9120
2464
8782
407
328
1799
7749
9063
4963
6522
9767
3549
3497
7191
7327
9386
1298
9027
5035
6312
8402
2389
7974
341
3353
1294
8927
767
9663
9403
8370
7286
2308
1384
5630
7187
6192
5151
7477
1602
7704
8073
6924
2476
4442
845
5987
3673
5110
1921
4386
888
2237
7878
7991
2241
8015
7365
3373
1671
2944
232
5357
7148
8863
8157
6297
5088
2866
2863
6323
5309
1684
2339
4770
4534
5830
5897
3209
7915
6990
278
1253
4210
4912
8943
4574
5937
265
7558
6244
3180
3796
3278
1403
2678
6206
2179
5745
7348
9898
5756
7250
3926
3749
7836
1023
2858
2601
9737
6286
4782
3259
8426
9390
9603
5098
347
3640
3388
8623
6115
1890
1761
9524
7209
4122
7906
7772
7467
9126
8021
2841
2185
3065
7314
6759
4769
8753
3681
3255
7786
2987
1107
960
9592
241
7916
3008
8821
525
5733
2157
8687
6071
2496
1760
6706
6703
984
188
5738
2242
896
6727
3664
7065
4584
1928
6608
5593
784
5950
2525
6865
2703
6648
8407
208
6592
9117
9684
1947
750
2697
6865
9853
6410
4722
4028
7115
76
5390
2524
1681
8253
6809
6715
343
9746
9434
6477
966
8496
8962
3915
9984
6906
9618
2454
531
1282
2258
6698
5982
2261
825
9751
3319
6774
4378
9789
1632
8632
5460
7691
6809
9643
7892
9172
4177
773
9036
1248
259
9154
8406
9079
1754
1566
8790
5738
5378
583
9885
2278
6118
9909
6414
9384
8234
8484
6908
157
3608
4235
627
6682
452
7737
2932
9506
852
4962
8938
3757
8660
8243
9031
4749
7709
9589
6409
6579
7587
2933
4960
5844
9941
8286
2571
8724
1903
7310
6349
4928
4093
3554
5890
7570
4706
1600
790
7576
4258
5005
4526
8862
7556
7785
3980
2237
1512
2379
3716
7636
8034
9118
2067
3433
274
9066
203
699
1517
2384
7482
9154
3530
3900
6619
3103
3500
7811
6445
2855
6401
1512
4759
5689
9971
6428
6285
842
1155
5417
6701
8506
9506
2201
7884
6806
8085
1956
2060
2556
8782
1580
7346
1147
7420
6966
7094
5318
9271
8870
6356
2331
7350
3437
2547
7279
7642
1537
5240
613
2211
5468
5176
2520
9248
6395
1017
4993
2933
9321
831
790
4074
648
3642
7071
7826
4720
9116
610
3671
1130
527
104
6404
9000
4406
5555
5293
461
9908
6609
2208
2677
4497
3137
8702
9630
3680
5929
4426
7061
622
8542
2731
9335
7129
6424
7021
7240
4859
3009
5997
8859
128
8351
6819
4780
2229
6716
8547
568
3911
6810
7699
6286
7268
5895
4120
9258
8614
1775
5961
8970
4816
5429
5400
524
8068
3234
6421
7434
4896
7247
2080
9312
7818
7025
6601
1355
3516
9227
4219
6883
254
1452
4907
441
6191
7262
1311
4350
3736
9905
7651
3654
840
7687
4152
2021
1822
4353
9303
8232
5424
6486
2901
2787
1447
2656
1621
3745
3332
1092
936
9390
1643
6510
8477
129
6303
8424
4860
1687
4095
4977
521
9867
3680
9250
5320
6561
6036
6752
4115
6667
7323
5640
7052
8359
597
6539
7396
9380
7176
8109
9640
3917
7553
342
9027
326
5213
2319
9459
3510
2538
9403
7600
431
5473
6390
2225
8714
4873
167
6078
6368
8447
9637
9446
1950
3964
2838
7961
6986
813
2305
8214
5044
9047
1899
357
614
1381
8273
7360
6302
8189
8762
3458
3889
2515
6873
2194
695
7163
4237
6853
4422
1568
4919
46
264
9145
7470
1305
3184
5055
7212
9118
3963
9684
3633
3492
3215
8898
8748
532
9643
5791
9852
3608
5261
9012
2345
4266
2126
9103
9791
3431
3592
2870
8424
8229
1390
3568
203
9051
8595
7699
5487
4683
7031
6357
7202
1188
7277
3914
6769
7941
3704
3803
5773
3913
5051
8251
9104
842
423
442
6453
8937
291
4940
7341
4496
2029
1591
9927
9805
6160
7526
5466
2574
8890
3674
5683
2650
4083
7183
2061
1392
3277
9442
7912
7644
7823
6956
8126
2388
564
6409
3833
3617
7453
7335
5321
3492
7288
4942
2256
2813
4458
1277
4533
8252
9494
6356
2961
6564
9112
876
1178
1580
403
1794
6554
6131
1367
7740
6751
3001
5648
6485
4954
4624
9943
290
7997
573
6466
30
8485
6470
4650
5443
9642
6129
9414
136
5931
5043
3309
6316
474
8762
2255
5730
6976
3324
1003
6022
1859
2974
607
957
3933
6938
8708
9387
4716
4055
4945
8647
8882
5625
8508
5335
6458
7405
6768
9179
6954
6425
2007
3580
7879
4328
5554
7252
2837
5567
7602
6894
4190
7979
3378
6881
3598
8444
9350
567
1259
7277
4788
6779
222
5376
3408
8143
7149
1264
539
2209
3684
7864
276
3293
7268
8465
4176
1578
2771
1333
9524
9149
125
7530
4959
5250
8736
3394
1818
4149
3265
4019
3327
8986
8200
2659
5191
865
2679
8098
4081
1420
9135
5364
6406
5110
6608
6913
9323
1822
2446
6259
2203
320
1280
32
261
306
9311
3824
9257
8484
5818
8374
6126
4152
8741
1991
602
9471
3906
5408
4100
9365
3768
2110
5065
7002
4301
9789
9549
6827
6367
3123
8433
8267
9985
3830
7392
7602
5452
2687
6544
4146
6412
6411
2587
5393
3367
9379
8202
4788
3658
7291
3143
4314
869
4752
1113
5245
8129
5631
3295
9139
8955
4292
6342
1724
2202
3109
4011
3838
2257
758
3806
8166
9721
3030
3157
9073
7933
7214
8522
1752
5040
1633
4357
8756
3159
8525
6156
354
7838
3200
9191
5874
9691
667
2926
2970
6849
1882
2479
6772
7026
7787
3961
1936
7562
8410
9273
9710
1893
8222
8605
274
6307
3048
783
2198
3879
7899
1069
6482
7306
1093
5262
8936
1516
9389
6457
7189
6352
3275
8172
2520
7335
6903
2211
1700
7906
8446
399
8179
849
9157
3851
2359
2719
5210
6098
4566
8685
2601
6522
4540
2430
8082
9464
5536
6996
9708
7541
1337
5916
7129
8022
5550
3494
8792
6001
3953
6913
543
6686
5719
2997
9234
4452
7119
1532
9614
8400
5592
5043
5891
2601
5656
4815
9189
2874
6653
7820
4541
7347
9006
1313
9142
2189
2049
2253
8348
5163
8409
7517
5193
2470
206
7330
2351
7094
3979
6910
2794
7876
2726
4636
1682
5260
598
8617
7868
3433
4103
230
255
755
9443
6065
1285
1729
1658
1966
64
2916
2936
341
8969
8772
5105
2029
5485
5061
517
3927
7747
694
3641
9301
8589
4629
1371
6141
7467
7118
9820
7903
2765
5877
7858
7191
1982
6428
1410
3228
7614
8384
9023
6336
3889
9349
3871
8475
1102
665
5620
5751
1330
8084
7110
3047
284
1814
5943
7101
3023
5894
8880
140
1576
7588
906
6802
6810
8764
8596
7550
8038
5436
1583
9239
4156
4867
572
3611
3468
2983
7302
4410
8005
3675
5176
4626
1790
3756
4633
9341
7834
7308
427
2339
1998
8169
971
9700
1684
4984
6244
92
805
3141
4559
802
966
9300
9712
7967
2240
3935
2113
6104
466
1065
4969
9638
2859
8522
1278
2055
5219
3470
6906
770
3053
6063
5334
8369
4310
5407
6482
2545
8464
2069
3078
6751
6909
6728
2104
6243
2920
7388
1856
7357
9440
8490
5440
3507
7535
9881
8716
9779
995
5059
9698
8741
8640
5662
8151
2826
8538
9561
1705
5589
953
2145
1584
6516
8709
5749
9583
9660
7901
4867
7666
7092
7332
73
234
4497
1977
5503
9889
1378
7560
7386
8840
671
9438
5076
9940
4456
7154
5717
3800
3097
266
1846
965
9326
6617
6274
7383
8300
771
8272
9177
5105
9714
8122
3159
1847
166
4326
3449
8336
6391
16
9572
2822
1715
7556
4780
9826
9677
8830
6449
8503
1555
550
9278
1170
1362
5555
1364
5676
3033
6634
6766
9673
4507
7901
250
3767
7600
109
6579
7009
9670
823
4683
7664
5339
7031
6813
2893
9516
672
7359
9180
3071
7647
6476
3061
2
4429
6501
2918
7580
8381
7735
2276
3715
8653
2848
4839
9253
8039
7056
3935
5225
2463
3389
4069
9220
9865
9190
4277
8040
6642
3674
120
5757
1375
4611
3308
6384
2813
1252
2460
7889
4030
6058
1656
9070
2644
5590
792
5363
9390
6307
2046
1358
2801
6959
7661
7482
2525
9464
6783
9021
577
8567
9697
9647
7742
539
5228
5881
840
6248
8816
3526
8102
150
3587
1606
946
4829
3960
4494
9828
8589
3650
1015
6088
3887
2018
403
4558
1676
6607
1183
3640
7062
1820
7920
8251
1647
7702
3644
73
8692
425
9339
4370
855
3288
5537
924
6652
1896
3352
7961
3814
409
8718
7443
7806
8189
3869
3357
5570
2856
9539
9912
1976
968
8244
7509
8965
7781
5778
7209
9006
367
2801
1226
3430
5366
9204
9635
1806
5934
2132
6417
2389
1743
9731
6866
1228
166
5707
2654
1098
9365
5965
789
7862
6437
3346
4756
3100
8299
7428
6378
1425
4078
6154
1103
8617
1040
1147
1446
7146
7172
7597
4045
9386
9482
6207
7223
9233
1545
8996
1345
5780
8831
5488
430
8442
9342
5411
3291
6036
6584
1862
8822
3694
2074
7996
2349
6962
1258
9883
3551
6269
3762
2006
5403
8082
3656
8031
8026
3265
6409
516
9789
2445
3667
494
7092
634
8018
7658
3655
8329
1813
4300
2159
8834
4585
4289
562
986
885
5528
7226
4168
3274
7583
481
8470
2061
9484
4140
6099
5553
3954
6229
6701
7982
7291
944
4677
607
4529
4974
2038
6698
7988
127
9371
7467
8964
1907
2548
2081
9978
263
201
1355
8276
4361
4637
8714
3453
9894
3337
8185
2636
8356
4813
9096
6728
8871
4510
3225
2912
3186
8187
4386
3185
2250
8528
1945
5600
5409
5975
4953
1053
5955
8256
720
1616
3199
3508
6483
3581
3706
2710
372
6428
4655
9971
7728
4999
365
264
3703
8880
6915
9819
7376
4182
261
3537
8501
4679
9175
9495
2208
6627
4642
7812
8574
6697
5430
3842
5261
5654
9471
9776
7891
9678
9037
6036
946
5425
1830
9941
5556
2642
7112
2675
9483
8086
4687
7536
6643
2481
7796
3190
1522
1941
945
1345
8413
8534
8238
3574
9135
2210
4170
3545
9286
3370
4897
2166
5779
7706
7865
972
4456
1476
9955
6253
4806
6855
4597
488
8527
9499
16
8642
1597
2036
2024
3357
8946
219
9202
4673
7099
3059
8705
9970
291
8595
4762
9528
2993
1341
3076
5664
6631
3827
10
6164
8585
9662
7619
7527
5948
8115
4620
1100
5417
9742
8352
8446
9284
9780
3522
9972
7548
6921
1809
7914
1740
8726
4915
5860
9680
3280
5253
6054
7454
7555
2801
6594
8669
8375
6502
7061
7549
9604
9019
6013
8322
8767
4104
2243
8706
8270
3179
6094
3955
7294
739
7288
4217
8454
2798
3060
6815
1379
5707
9030
856
9068
7211
225
6491
9793
7031
8180
4121
7519
5491
8963
7718
1736
1371
4233
6358
7419
6212
4150
6002
3355
3046
6890
5116
4077
719
4334
5871
5844
5339
7063
4921
2393
1819
2624
7166
3946
3622
1714
6728
6612
478
6399
7297
8504
1978
3465
1005
9629
4292
5160
5828
4959
765
9824
7965
4172
9225
3583
1220
2642
8991
2147
9116
7100
7715
6428
465
5459
1959
3599
6099
4108
149
1950
3318
1626
5100
5342
5498
1750
4455
7810
2827
9299
442
5614
5178
2375
9550
9825
5172
4317
4453
3891
8930
8899
3257
6987
473
6669
6229
5439
7681
7126
6367
7138
1485
9512
3173
8195
7060
2012
7950
9663
5017
8854
7204
7064
1935
1926
2194
2250
8610
3163
3850
6574
3148
759
3897
1406
815
6092
8661
6431
3350
5914
915
9929
8837
5109
9216
3393
7782
1427
4062
8389
5084
8951
1941
6583
9673
2676
114
1357
6604
889
9363
5187
9581
7357
8034
1508
9273
7984
7176
4747
9446
5914
2717
9033
3093
7752
1026
621
5135
7989
6191
416
7858
2060
5432
965
9582
7339
9265
557
8478
3668
1440
6846
1100
7853
3638
9901
1831
6612
8926
1374
609
1433
1802
5019
745
1259
1588
2009
9343
8827
4441
4427
9598
9822
4687
2501
5236
1221
4158
3245
6295
5899
8230
1403
9725
1831
7505
1931
9772
1502
1806
9937
3022
6985
7313
5058
5098
6791
2376
1254
5557
9258
4496
5394
4858
7897
7492
8028
7175
6360
4169
9351
4998
364
8531
4727
1660
3512
1569
7393
3873
9893
3363
9463
9208
3460
549
3622
9825
92
8182
2239
3658
5123
3247
7984
2449
2826
9857
8800
2873
4067
6549
970
323
8760
211
6468
7945
3717
1808
7667
1085
1191
3045
4710
3167
4700
1102
8830
6098
951
3665
8630
9890
3596
9929
5126
4263
741
3768
8667
7388
3060
8349
2215
6734
1370
3427
7547
317
3323
7852
5584
7864
4866
3001
7336
3659
9603
2284
1699
2000
7686
800
4000
6267
4461
3525
7874
1827
2893
4391
3082
6242
8094
6409
854
388
5404
7300
4661
4940
9162
2978
4577
8423
2985
7694
342
5025
6628
8902
8568
7470
9789
7817
6899
184
1425
9235
7139
4137
2619
2562
3798
8737
2035
6986
5262
2453
1159
1262
9759
6187
2467
9772
7065
5604
4219
6778
5948
5765
573
143
2514
1468
6781
4373
31
2033
3732
3712
7815
5251
6048
1409
5562
9807
8155
5733
6497
794
666
8258
5745
3553
6322
1795
108
6743
6697
852
2240
2277
5257
3639
3112
6770
5916
5980
9710
5228
2290
2779
9606
7702
1635
9239
5308
8356
4830
4907
7405
4929
9062
8724
3262
5356
1326
2362
1139
6559
9876
3710
5727
5768
5976
4883
7701
6288
8285
1510
8933
7337
2550
8704
9770
2230
5560
2108
5783
4965
9937
1297
5463
8299
4387
8686
9851
8235
1902
9423
454
6353
8448
7937
4291
8306
7367
906
1609
2493
110
2501
5951
3546
3554
9050
39
1974
7209
8291
9237
4380
5043
4411
3025
9874
304
9172
5833
7372
9563
3738
3245
2728
2128
3633
8712
8570
9211
6924
585
7225
7414
6513
2105
1987
6311
9611
3660
2781
6579
9509
4550
1729
7329
8224
6298
8633
6990
1553
418
2872
9936
8860
3994
4270
907
1162
8506
4379
5283
5241
5019
1532
9005
1258
1891
9174
3386
4470
3315
6306
2430
3738
6266
4086
871
5688
5724
5395
5016
5981
4256
2291
4933
6936
1496
9212
2515
22
1047
2652
2937
634
4882
1527
2276
7623
5140
5132
6414
2156
371
289
3181
3081
5915
3846
3486
8285
5917
1187
5015
1607
3460
7731
8818
2797
1882
1729
4791
5215
9390
6088
616
6585
8026
4868
809
4452
1676
7978
2705
4144
2508
3861
6377
4614
2883
2236
5391
828
270
6985
8290
8479
4537
2565
8144
6307
7771
832
6488
2391
5048
7931
9376
4237
2450
1690
7992
6956
1022
3516
8952
3683
6167
6976
4492
4138
6421
3366
8173
6273
4623
3703
9698
9452
2595
9561
2540
9380
9730
2926
8351
3343
7072
8858
3301
247
570
999
7363
2464
1041
6522
2966
3786
4019
8924
9907
4645
9900
749
7746
6048
603
8537
3093
587
4268
2858
6211
7090
5518
7661
2263
6654
5664
1974
1204
3788
4581
2494
1617
9693
2259
3844
7563
6835
9899
6618
9944
2591
7148
1390
1583
2090
7199
5897
771
6538
7725
7977
1795
4815
8989
2576
4636
2810
157
1593
3116
2207
4096
7842
1354
6649
3837
8534
1107
4520
6454
7772
4408
907
6043
6040
5924
4343
6986
5535
7271
9385
2474
2590
9367
626
91
7019
2877
3662
3559
5386
9024
3815
4925
5146
1077
1792
3726
8590
2394
5384
4511
9846
3036
2823
3529
5400
1348
6026
9945
5928
1435
171
4509
8286
9295
1198
2886
7009
3863
2156
4071
9164
8940
9508
1631
3862
2979
2201
5907
7593
6658
3421
4878
4411
4378
6655
5795
5834
6025
5612
1680
7444
8856
3888
1614
1738
1608
1807
2798
997
5509
6701
4582
1988
2850
2757
5886
8532
494
6529
637
2608
2108
2119
4687
4902
9359
6433
6206
4080
8431
8800
1511
9331
8720
3291
6712
79
9820
2889
8866
6367
4479
9184
6323
5975
6096
30
215
4963
2633
2891
3616
1456
4921
2252
8743
6221
5436
6127
6510
7081
1070
9485
2762
4169
3789
3467
5352
2047
7400
610
6013
2351
1231
2534
9000
3779
5093
3860
1117
5286
9807
4022
4065
4163
9794
2947
3324
1475
3628
2428
1677
3450
8156
2545
8692
8593
480
3382
7956
5942
5226
7959
9418
907
3971
8090
6588
977
8620
1936
9917
3661
114
1625
1468
2917
7713
6947
5827
7000
6502
834
6853
6042
187
6980
982
4440
6882
5585
7559
3114
718
5063
4748
5337
4300
2431
9355
2410
7228
2051
6391
9432
4439
5954
4749
9337
8607
1086
5714
9539
9287
2287
788
371
1222
2816
6073
7267
2117
1466
4784
4958
1860
959
4870
5074
9672
7604
1427
4612
4479
7651
35
7672
8072
2557
7711
8222
820
464
6712
2494
4393
2992
9104
3758
5667
4203
1702
3295
9869
3066
7444
1348
6502
4436
7867
3112
1925
4337
8036
6960
6912
7974
2329
4417
2791
3100
1771
5154
4120
2368
1229
8379
9389
6645
4740
6918
3956
7003
3561
8340
7679
4741
8176
9578
748
7179
9009
6625
5055
4604
2265
276
1263
5639
4132
8209
1330
6963
1455
8827
3405
4510
5488
267
213
3728
219
9214
4201
9492
2190
6080
8604
6429
7161
5803
5349
7600
4701
7886
3477
3702
3755
4547
8705
8644
3648
3726
6049
4468
7033
2580
4809
3198
3880
1158
6057
6267
6890
3341
8020
2082
2278
910
8040
2743
6640
2090
5789
1629
3154
9183
7461
7991
2586
3043
1926
9340
7716
3204
6789
3992
980
8659
289
4819
1264
7153
9502
9242
9464
1020
1412
265
3785
2396
5656
6377
937
8938
1891
7196
448
7971
9153
4114
6078
6447
6895
7400
8557
406
7286
7
1082
2020
4918
7185
4105
6484
4727
5174
7055
7025
5670
3375
7455
2498
8136
1929
6622
1810
9023
165
7529
9964
521
7314
4848
6797
5893
4221
8870
934
758
573
288
5085
6770
6497
7728
2837
1483
2730
852
9097
402
5124
7010
4485
3431
1847
8969
6087
3253
6342
7277
5183
4578
2926
464
7978
1398
2079
8894
9192
6635
5872
7868
8766
6227
1230
8033
8551
3956
1645
8293
3110
1132
8740
4002
4059
6098
2316
843
9266
3497
5301
8748
720
7529
7746
2968
5609
1710
7380
3580
2492
2147
7320
5605
9676
1333
6131
1581
4980
8783
3306
8101
5760
7452
6359
2512
6146
4990
541
6572
8582
5200
7317
1553
8048
1399
1158
7787
6474
71
2490
2840
6170
3434
7110
3365
8523
4964
9532
7163
9357
3612
743
6800
3019
4312
6459
7772
7249
8663
7592
594
9908
6492
6322
3429
7158
5838
3915
5830
903
1563
7120
2647
3659
7727
4391
2194
9604
2419
8365
7530
6540
3902
4082
9484
6640
3681
7974
8491
1770
2610
3268
7839
2803
9625
7997
6677
612
6857
6287
8331
8632
9118
4143
474
8248
9418
9012
6757
1161
8977
8247
7542
8555
4957
9614
3459
3790
7314
319
1006
6781
590
9767
8384
9198
1762
2842
6610
5103
4796
2391
8865
2698
9081
5864
3116
4508
4751
5876
5903
5081
4038
3563
3253
5907
9775
2295
9178
5628
7373
7300
1562
6800
7501
6964
8104
6331
4817
8050
5692
4484
3525
4814
2412
5381
751
9967
5387
587
7653
1150
3106
6652
5288
5186
9108
7955
9549
3656
6932
8266
3274
2761
8258
7367
4447
2871
2197
6953
6607
9642
2680
7454
4383
9720
4120
8771
5170
7866
614
1625
889
818
5464
144
8790
9972
2787
1776
1695
4575
1975
5778
9674
4437
6863
892
7757
3161
8161
9825
7854
7290
235
1849
7610
1118
9257
2816
5784
7297
3201
187
1796
5558
9994
5755
6665
8279
5582
819
2447
3572
8076
3966
2173
4847
6325
37
1145
4132
3112
4438
4044
1275
6206
3590
2323
5489
1254
5926
7929
3684
9943
5513
4133
4787
9068
6052
4708
11
2197
5900
3154
8601
9218
9036
740
7109
8371
217
6469
1726
2986
9367
7674
8010
7336
6229
3447
6743
1844
7831
7192
2539
377
9323
8569
138
6001
1093
1836
7104
6611
5265
5894
1115
8824
1115
2378
8457
1612
3505
7826
5276
7625
7753
6051
4349
9930
3025
9440
6042
1750
3724
5957
679
1483
2745
7956
352
8821
7609
1606
9292
8551
1612
1325
3919
7500
7075
485
8739
7186
5662
6302
4545
6219
6600
2764
6146
6525
3530
7600
4881
5372
952
2521
731
3747
8330
8896
4229
9809
6878
2140
8515
9574
85
2142
7590
8480
2446
7503
2433
1796
7395
5287
8687
3313
3847
2861
7889
338
2698
1794
2675
1635
6135
5408
4452
5664
8444
6103
3562
9199
5350
2928
2753
7376
2573
3307
2064
1133
1884
3384
6327
671
372
292
4149
9441
7489
6122
6972
602
7198
4404
6624
7040
6223
6329
8809
1396
1233
8849
6278
8002
2846
7530
1821
7356
1475
6556
4934
1924
257
8699
1883
6890
1582
9274
9708
4104
2963
4974
337
3088
1784
5736
7313
3303
587
3665
2784
4346
7458
2249
4416
9990
1263
5014
8676
3390
8056
2409
6000
5890
7668
5219
6365
3718
7125
8874
906
5917
4834
5495
7725
2702
749
2414
3314
978
3346
8231
6734
1881
3377
9758
6412
2509
2684
2346
3282
8431
3468
9841
4810
5898
8954
472
7014
3653
4203
4216
3730
864
1504
1698
283
6033
544
1640
769
8712
1206
3324
9551
5330
7595
9900
7471
5840
8655
3008
5003
2500
429
3707
3841
9452
2261
5152
7942
7707
3833
106
9724
2169
1088
3854
6791
1908
6839
2799
4474
5257
5106
1893
9760
8641
1265
6575
2245
2173
6190
1751
6307
4329
6413
343
1343
4343
5434
6129
751
9366
7379
680
2541
3416
4019
4460
2710
2490
9214
5961
6688
3797
2646
4842
2406
6532
529
8765
7533
7961
9378
9996
3634
9204
8
9385
72
5190
6248
1026
8774
9896
7786
4458
3008
741
363
9170
6976
1778
6373
8908
994
9339
7374
704
7857
2178
5355
6384
3388
6571
3375
1398
7339
2535
2737
5409
4047
9242
3399
7825
6403
6584
4008
5378
6676
6436
5954
8513
5134
2549
2754
2639
4890
1397
4983
18
8841
5478
5142
9080
667
6451
7477
7244
296
2818
6752
6320
3459
5661
3111
7325
4651
5576
1474
4718
950
3345
3216
4520
979
5497
3685
1789
4998
3075
9201
4928
9779
5087
6571
9068
2121
9325
1532
61
1292
8422
4422
2381
3849
7105
7864
6571
5428
4767
4062
2615
5257
9845
8556
6440
9346
8851
6842
3507
758
1922
5891
5141
3652
4934
513
1955
4856
8884
4219
6281
1508
1275
9998
5139
7492
374
2187
8571
5565
9566
4794
4063
6966
7222
8934
4292
7490
3853
4620
1255
6967
4557
589
5965
5474
1914
6820
5431
4584
3849
5999
1220
7685
2717
519
3697
1364
3314
7448
520
3331
3273
4047
1923
1085
6082
6776
8219
9419
5079
3980
3308
7464
2521
2472
3176
9882
38
3427
947
7351
7170
8956
5746
6425
5942
6326
7610
7447
4608
6117
6955
1776
484
56
359
5098
2964
6724
8762
4383
5111
2623
3411
379
2383
5784
2161
3917
5027
3574
9219
4657
6091
2869
6102
439
8776
2071
2826
7247
5951
8716
375
2675
8885
1775
9080
4764
7893
2849
2281
7265
6874
447
3648
6985
5570
6321
896
2977
1306
1511
9057
578
9203
7592
4062
9066
9075
2972
704
5097
5270
7250
4261
5636
2505
3542
7731
8315
7526
679
266
8487
1824
9139
8107
6269
4992
560
2428
1661
7979
1999
6779
7688
4464
9266
9496
1267
7184
9160
7544
9147
1566
2188
5704
6612
4160
5404
4577
9850
5828
6471
3554
8295
9565
1698
2600
2742
7430
983
4402
1343
3163
1368
9627
8706
7476
4181
5001
4590
8111
6834
8157
2637
1060
14
6012
9714
8219
825
942
2461
3102
3833
51
5278
3891
4225
5707
7858
7044
9867
5747
3981
2991
4856
4424
1872
7573
6793
2186
6464
2165
7783
4352
9971
2134
5973
7429
6418
4382
3420
4465
7084
7073
9771
3535
4627
6946
6345
8381
7684
8392
7951
4612
8416
4071
8894
5302
3151
70
9112
8648
391
2408
3223
6389
8255
4395
1273
8873
5344
2198
3377
3371
7654
5208
5200
3013
4676
7013
4142
7475
9560
5326
3834
585
4999
9496
3068
4702
8018
8543
2592
124
1997
1819
9762
2672
2160
4392
407
5412
7703
1195
8537
9988
3664
2345
9086
662
6331
8167
6084
1525
283
7511
9446
324
1269
8938
1321
3552
4792
8850
7068
6771
9981
7567
8803
2958
1931
8851
7729
8889
2706
7845
3603
8973
6822
3970
5032
5810
6105
5645
2311
7723
2924
4696
2689
8676
7406
2173
8216
9196
6112
2351
5814
1079
6032
9391
8574
4043
5947
3546
9814
4926
5045
1828
4290
5559
6462
5592
7905
7098
2094
8555
9440
2331
6931
3051
4641
5620
5451
7935
4926
1096
9289
9724
4635
4683
3827
5982
9782
8426
5701
6143
1598
6225
4616
4311
6465
1359
6965
8068
2464
6078
4683
6320
9685
2104
8959
8314
2912
3365
9079
123
7728
8153
9511
1355
8385
678
3608
335
3501
6845
9940
7307
1960
2094
4972
2081
8870
1528
7308
9248
2629
5441
275
9007
8064
8617
7897
5700
9314
6495
6405
5967
8638
682
6093
1697
1996
8629
2848
6220
6069
4243
8235
1844
5499
838
9495
9665
7024
4478
2204
4536
6667
2759
432
4370
7264
4352
7411
4164
8180
8992
1775
1332
1915
7217
8563
9020
6989
1577
5020
4182
4332
7300
119
9498
2189
9958
2421
4544
7587
2416
1326
6512
976
2163
3832
3360
3030
5390
7606
1821
1593
2038
1594
9157
7270
5111
9702
7692
9139
9329
9470
8393
3934
5377
590
447
243
8783
158
9819
5159
1163
9473
1824
3547
5657
3732
2485
6623
9784
5355
6311
6161
5003
9387
2963
2260
9811
6409
289
6926
3840
5144
2100
3802
1352
5874
7458
3552
5252
4341
5111
8558
7988
7102
408
5483
707
1736
2210
6017
3649
22
9997
1405
8127
2628
1819
741
7181
442
8630
4809
5093
3867
8817
5547
1870
6685
3028
5469
2027
8340
5343
3155
1991
2812
8800
4637
3196
5327
290
831
1091
3992
5268
9337
2397
2991
782
1031
7286
4813
654
5634
7299
1513
8605
3985
4615
1253
6328
3608
6073
6273
4018
188
3732
9095
7733
4737
3122
1372
4923
9337
2667
5851
7280
1778
6241
3164
7765
9813
8829
8043
550
6055
2055
638
134
8119
7104
4443
9067
9874
9329
68
4026
5487
3659
753
7104
3125
3224
1176
4887
4826
5793
9572
8833
4907
5066
4803
3802
6703
1159
3000
8977
3614
3896
714
5986
2720
7949
2698
5306
705
8840
9128
4998
281
440
7708
593
4918
5949
916
5984
162
9492
5861
3139
6661
4696
9379
1882
774
95
9948
661
334
9780
6256
2143
4024
5296
9472
8390
7875
9840
8819
4799
937
1451
211
9794
4365
2383
5037
5294
8330
1187
5449
9535
5921
2138
3669
3390
8686
4820
6868
5823
2114
1079
5219
1752
4507
9161
144
2592
167
4017
5983
2837
4475
291
7538
7176
6397
7001
4072
9228
2282
9540
2551
8733
8235
8343
385
6002
5354
2501
5545
9278
7502
7793
2592
3525
1461
5448
3471
6082
5776
1708
3430
4779
772
6070
1723
5504
8045
8423
3119
9086
2262
5596
8270
56
6404
3214
7187
8476
9711
2149
4945
6255
1021
2172
4822
3016
5329
4717
6918
7092
8758
6175
5157
3426
7855
7387
1073
4486
2308
1908
1420
9423
656
9762
1308
6423
2307
5696
9203
1403
2842
1871
5937
4837
3491
8406
4290
9128
2597
6984
3982
4212
7436
7303
4637
501
3237
7584
1687
802
1279
2891
39
3501
7145
5330
35
7023
8648
4751
2824
4264
7375
5329
8957
966
1013
884
7825
7671
8195
7984
9545
2940
3886
3926
4118
9851
4822
9155
7253
9787
2496
340
4827
5720
8295
3737
6596
3275
7869
8986
4461
2898
5619
9929
6465
9584
8960
3539
6029
6457
544
366
9554
4321
1509
4357
8353
1485
2348
6885
1237
4550
5509
9725
6799
597
2523
5074
4736
8993
3672
3030
6636
2342
6429
1127
9335
5954
5958
4664
8302
7432
7344
5571
1026
7527
3869
5336
1535
7008
7362
6449
5333
5991
8080
8535
9181
9787
7946
1205
7596
5381
1337
5470
5471
9433
9145
8780
6827
7905
3878
663
244
7550
1462
9897
9717
5026
8220
7109
6834
4764
615
182
7229
6981
735
2404
8871
5362
2451
5132
3048
616
3384
8480
7551
8861
26
7814
7979
328
4001
1209
8046
5882
1054
2458
3046
164
4158
6473
7640
6086
9662
9963
209
9349
9241
8122
3927
1329
3539
8387
726
2715
620
1941
3550
113
8217
7423
6054
3924
9601
3319
2300
2305
2857
8138
2282
7879
5617
3310
6455
996
9007
2553
664
736
2451
6995
8213
2852
8247
7244
1799
1578
9772
9221
491
8018
2735
9893
6242
8199
1767
5097
8613
5804
100
1372
5653
177
2825
7825
2002
8789
1302
551
1153
2326
292
4988
2178
6106
6653
7813
2964
3635
3147
1976
4424
5783
4229
3428
94
6736
8937
7777
5297
7561
7713
776
820
6302
4255
9732
2432
2772
7503
9752
5558
4948
8756
6660
2140
9092
3419
4349
4756
4490
5584
1991
3232
2473
8519
2572
6612
8408
1787
2113
5251
2813
4806
8657
3276
1702
7077
9156
7546
3429
3330
9385
8618
858
8396
8207
1286
4574
8709
1361
2779
173
5098
9870
3925
1699
3429
4498
3801
4353
8635
2330
5246
985
6347
9691
6894
3399
4743
3415
6630
770
3501
9639
5344
1653
8461
4405
4469
8832
1713
5682
8053
203
6187
8504
3562
2560
6320
4599
2882
7226
5498
8683
3605
6517
4205
8668
6525
9915
6187
7611
9238
6773
9097
8051
462
8495
4357
4145
335
6593
1625
5187
6958
5837
8638
1561
3926
1867
8797
2132
6058
9132
8313
1876
6636
9124
1714
7213
7309
7903
5782
1725
2661
4802
8635
9936
3144
5576
2630
8490
4316
5410
8836
2063
523
5649
6837
4406
6570
8870
7976
4926
3591
1042
696
9458
1152
6710
7662
1938
2681
9741
2584
1143
3956
8313
7153
6493
7492
7266
5693
6643
2080
7535
172
5537
4010
5340
5658
4376
6443
3565
8024
5752
6548
2731
9771
5197
6125
7532
8728
2871
6658
5808
2307
3574
7066
282
7044
1305
5378
7837
1184
5958
3389
7338
5381
6542
7271
7105
158
197
4672
7578
3069
3761
6290
1816
992
6216
1927
7220
2423
5647
8589
9103
9732
2582
328
3474
295
4195
2514
8825
9118
5645
9785
1312
6226
584
895
5356
4325
7736
9123
2171
5928
4184
7809
1716
6557
8385
3253
1543
5745
4330
8211
2560
3776
7988
5399
2707
6787
5274
9946
2218
5074
4804
1571
7365
3514
1483
3786
1926
6635
1054
3194
5076
5638
9584
7604
5413
6845
9049
8849
2840
1953
3659
6510
4771
2641
6207
71
2614
9256
859
4523
7991
3465
1360
2479
5997
1510
4942
2882
9152
2006
7709
2122
3200
8831
5477
4680
2522
4587
3600
1441
6596
7139
6727
8151
3764
842
4197
5069
9126
4354
5086
4355
4149
1825
4228
4983
8124
3025
6137
6259
3239
2797
4198
5826
2063
1013
5427
7439
7469
9515
5868
9563
9540
625
7363
5359
9331
4620
2099
6169
2995
6688
792
6421
317
8851
4362
4752
4300
8370
4646
5145
6231
1346
9741
5319
5266
1041
1241
3235
9704
7530
8431
8639
8357
5182
7663
2020
6717
4461
2130
1648
6313
2936
1125
7500
8690
5273
8971
5250
7206
950
1356
1701
3236
7241
270
861
1467
7192
3721
7130
7526
6192
7900
9434
4414
2041
7977
4277
2788
9035
3719
4204
6673
8523
2316
2151
6920
6329
3297
3224
5429
7877
2230
950
9425
8060
8048
5456
2385
4462
7020
9205
3989
9232
6108
5099
439
9698
1034
8619
3211
8848
3445
1491
128
7083
516
3642
3757
241
6363
5355
8131
8175
9120
6220
4409
4351
5462
1623
9748
3684
1377
6360
690
8675
8508
2894
2175
1394
5530
5
9332
8491
2459
114
4342
5888
1348
148
618
8692
1397
7879
6929
5920
2741
3201
1658
6441
4970
383
7100
8471
143
8618
9836
5304
2375
8595
7595
7063
9091
4959
4859
7969
1997
9875
276
359
7347
7511
8483
9343
4262
2689
3617
437
7187
300
7352
5582
1501
9906
6612
7698
6986
131
2292
2652
2153
6357
9000
3388
2694
216
2244
5345
3950
4691
6565
3053
6422
1080
7564
7108
995
3082
2922
888
5990
6389
9206
70
4942
5789
4339
4215
2001
4207
902
2910
563
9647
9710
6753
6166
580
2858
1014
6315
415
5928
5116
3190
4972
8223
9882
9345
4354
2408
924
6733
4645
4626
5118
9469
3307
1998
2477
5914
2391
9243
5615
2097
6252
2092
279
8200
7441
8618
4118
5036
396
2475
9723
9554
6791
2389
2650
5928
2758
1816
6022
106
3110
5991
9008
5160
1846
2369
8997
4722
6029
257
2540
4126
4532
302
9751
6626
5239
4980
2142
7488
7068
9209
7855
5352
929
824
4443
562
4491
909
4290
1457
5151
9622
6658
8538
5091
2301
8000
2438
6701
2295
6061
1166
8831
9317
6384
628
2268
1941
2520
8698
2956
4184
8615
2229
336
2646
9650
6802
3955
7066
8282
4918
5356
9164
3078
3978
6680
8411
931
3573
7715
9381
8494
7738
9529
4815
1060
2940
3005
1255
1676
7854
3848
2463
5827
9129
1454
2682
7460
9233
2130
9246
448
5419
1619
6348
8142
4045
8964
1689
4033
143
1297
9218
4323
7046
7909
8953
8613
9854
1012
395
8574
2233
5223
2283
3002
1698
8296
3376
8921
5395
1719
9724
1322
3008
2398
7307
1902
2892
8900
9869
628
9716
6660
7039
7426
8532
5063
4832
293
8276
6496
4780
5747
5766
3092
3350
3916
9078
6547
7504
2028
9118
2303
317
8843
8202
4741
1106
3397
7383
5971
5600
444
5938
3480
7427
888
7249
876
1866
655
2226
1340
7031
9830
5033
9369
7566
4935
5260
2731
5385
1755
9715
1502
6515
3916
7921
842
5865
1942
1532
1456
3206
9673
9686
3768
2019
1863
3606
1683
5050
5618
4048
5572
1556
9566
1989
8128
5250
7699
2826
7352
7192
1781
6698
8037
2152
3471
6677
8655
4252
5431
7469
4483
7294
1263
6133
8650
3334
4086
7357
1368
2123
373
1135
7497
6628
1606
6615
3675
1563
8577
591
2062
6517
7065
735
4239
9818
1539
8342
5257
1280
4181
9615
9503
3064
8626
1524
8571
3327
5109
377
5238
6777
4102
7906
4819
7472
2939
6846
9155
7004
1086
9977
8272
9039
9623
7516
5787
100
904
6518
6361
1779
4306
3955
2269
5975
5479
2862
4230
2915
5295
1141
8768
1680
7041
5879
4917
6514
9920
5073
2157
109
5862
2011
2267
9879
3925
9469
5817
6195
4452
9700
4246
254
3561
2602
726
4002
5447
4325
1857
7795
8672
6240
8523
4989
3432
1036
2073
8629
7765
2079
6077
1572
3906
5906
6420
273
1490
9431
9870
9106
1409
6116
6469
9841
2292
6118
8683
3458
2812
7374
2519
2913
9267
9371
7437
9158
7589
7662
2028
1087
1735
6233
4427
8935
2002
8470
2776
7900
8471
2262
3054
7007
4805
6453
9041
6346
5615
7045
2608
8568
5884
6417
2780
8118
349
7944
8598
7490
1195
3885
8940
1974
4085
6822
2577
5154
2076
3775
5605
2690
8442
2186
5532
1507
5932
6124
8741
9184
5166
8144
630
1183
5460
7212
1408
86
4660
2951
9807
9111
5693
6967
5976
2563
7315
7803
9286
9509
4266
4574
7934
3690
2470
9357
7106
5238
4597
1080
3901
4813
9195
6115
2070
9075
9398
4028
547
4557
169
4964
6192
6488
986
9072
3469
7947
6405
7833
3783
3225
3881
2216
3585
736
4155
9900
872
7738
36
9341
8502
1657
6528
1230
7012
1348
6608
8196
9058
4789
1402
6920
4632
5037
8961
7196
9076
8391
5063
5923
4759
8417
9722
3500
8241
3499
6657
4478
5866
8554
433
8018
6839
5214
1571
4822
43
1720
2889
6907
4663
694
2078
8303
9639
7438
2277
9073
5742
2306
2841
9060
4761
9181
5051
6020
2433
3207
188
1148
1296
8665
4772
566
9976
2369
8394
1239
2507
4875
5060
8543
1030
9693
9141
3090
6083
2784
6219
8036
6320
1191
5376
3785
5171
1479
4444
1106
1228
3919
4788
8698
2008
8667
9299
951
6559
3576
9312
9371
7800
1510
6510
3430
790
3439
7436
4188
4395
6387
7668
6780
874
4257
3742
5005
7324
9446
933
8215
7385
4080
5181
5307
1914
1890
3043
6732
9469
5995
1970
9313
7295
2897
4212
6037
4072
7647
6245
5260
1027
5176
5201
3958
7346
5654
9034
6228
6347
3469
3956
5952
963
1781
705
571
9376
8831
5904
7584
8101
4112
5130
3481
6320
5923
4860
2406
6106
5450
5999
902
8169
8614
1901
5663
961
9239
8966
3347
614
2244
5311
9475
3592
2107
6722
4594
2271
5442
7758
4328
499
6804
5798
369
8446
7112
4739
3643
2085
2709
4499
9572
9144
6912
324
15
327
784
3236
7500
2967
86
2348
1229
8236
6777
1668
9596
585
9784
2163
4696
5372
2015
2865
8512
5250
3168
307
2990
8206
4516
8545
9023
8971
5215
1615
3641
8354
1342
3991
6581
1347
9801
817
7464
5746
4223
7483
8850
7929
8259
2352
2562
702
5450
5100
9982
1206
5476
2525
8030
1881
397
8299
9671
6498
2104
7456
4499
980
1479
3233
914
6047
1758
6322
477
3349
6026
1070
3399
3710
16
5188
7891
21
8091
199
9352
4022
9557
5326
6372
9380
7743
1489
6142
6876
5191
9739
9750
121
5870
2879
4923
5129
2217
3557
7433
1627
1804
3342
2715
5264
8091
4793
7344
2801
5064
323
8000
3298
1130
2108
2229
8772
886
2119
9104
4
1801
7100
4266
6917
2645
7702
6324
3554
6992
793
815
101
1448
1541
6106
7759
7431
1214
6504
5510
8258
1334
8038
3369
6438
5266
5304
91
5305
8366
279
7195
7209
2355
1108
4553
2518
1275
359
8038
9601
9510
1940
9319
2115
3414
4234
8235
7820
113
4429
6830
3462
355
4032
8925
8835
3751
7258
1354
2362
9290
2534
4057
3362
1417
2511
3787
9506
7589
1046
1792
5939
1763
8193
1317
7543
3041
9402
6212
4263
2782
1658
1260
2507
9965
1546
7943
548
7181
8642
6496
5211
7094
6811
8003
5783
6851
78
5255
2049
7534
2002
5078
939
8366
1537
6645
1884
9224
1642
7971
7139
6816
6788
2125
262
9696
1213
529
1121
6993
5100
3901
9729
6822
2061
897
2705
205
8924
6792
1269
8103
4320
2660
5873
8951
4710
8294
1602
4924
6711
5938
6659
6016
3343
2855
8344
659
9589
1982
6214
1858
1885
8499
5792
6423
2773
1404
3919
3732
5728
7153
1470
701
9061
6178
2619
8505
845
8382
5298
3308
6683
6384
26
7758
3007
2851
8034
7769
7497
4028
1254
7671
6001
690
5263
3113
3554
9754
1513
59
6299
4799
5324
6968
4478
5391
125
3356
3007
8479
5304
1201
8206
6821
7730
6676
5740
3363
6890
2105
6614
181
1196
7718
3799
2341
3339
8692
1119
3265
4515
5728
3313
5831
6579
3433
9556
6845
1280
2743
9375
2824
6319
9778
4639
296
7415
8463
7261
3660
9559
5014
5339
901
6476
4519
6795
7223
1957
8309
170
713
2667
2544
6686
9543
2525
4236
2942
9396
8032
1943
6020
6586
6735
9285
76
9683
7089
2088
5063
713
5424
465
7894
8259
2049
2432
9010
8916
4745
7674
8968
9675
496
1916
2989
5375
6571
620
7184
3745
5225
9463
6901
961
7650
610
4717
7672
3219
2917
9929
6534
9346
748
6946
641
1119
7554
1773
7045
7932
7012
2170
6980
9351
214
7408
5052
1642
2219
3808
6094
3398
4300
4007
2322
321
4918
4357
1774
9819
5810
6614
6782
7109
9337
6560
9715
3292
7300
8097
4440
9089
1455
9076
521
1512
4363
7187
9219
4977
3303
5018
3006
3785
6314
598
683
6966
5051
6160
9362
362
2757
5321
1632
2953
8995
3984
3348
2415
3910
3797
6333
7055
2542
9048
5948
562
1761
2874
4837
6539
4962
5149
9241
7456
6373
9527
4213
7992
9402
9228
2584
2087
1038
8476
9237
1252
4634
4873
1086
1152
4315
7680
7687
7599
8245
2190
7981
2235
1398
7724
2207
9278
9107
2446
5039
6747
6288
4884
4297
259
662
5994
1662
5634
896
9294
6062
6865
3554
6242
5620
4355
7011
8267
752
947
4923
6127
6149
1796
8361
151
1219
5175
9743
4957
8712
6264
7632
391
4738
4643
4384
8784
7341
9668
8563
1354
3394
2248
9248
4159
8715
3090
1037
8711
9190
3270
3038
3949
2229
8326
4720
8547
3849
2483
4551
6907
7551
5205
686
6481
8266
6313
6296
7546
2391
3943
7693
8361
4306
8774
9651
1654
5347
5002
4958
4923
327
2632
4859
9782
9875
4013
7297
6619
5489
9322
5965
4937
3628
8724
572
8811
1397
7095
3404
2379
3925
9680
2078
646
9347
4833
807
2194
9065
5665
4537
7257
3113
4621
1458
4945
2186
7442
1001
5130
8970
1978
8182
9772
6847
8812
7228
6261
6793
5196
3878
2857
4114
9183
8541
2153
4479
6176
2908
3094
4958
3639
6434
1113
164
8784
2960
3468
1363
9509
6661
6855
1847
1025
9560
393
3912
6784
9880
3837
3802
9026
6702
6953
1308
1939
3945
1148
9031
8567
7444
2467
1601
6194
7675
6323
9566
272
4
3770
5892
1065
4248
8477
7564
8403
8311
4975
9367
8890
418
3218
9352
5463
4179
4158
4254
5913
5430
2762
8473
2928
9176
467
4501
3516
6785
9471
696
1700
591
8114
8497
2621
8396
7715
7148
2002
2801
3073
7559
2612
5789
9916
1714
2581
6656
9359
6078
2221
1486
6081
9777
7476
6600
2961
8582
5947
1899
1317
8150
2823
4653
4728
5626
9276
3125
5983
9002
4461
8088
4719
4361
3184
4506
3640
1433
8240
8399
3966
7305
989
7247
434
4263
4837
9408
1242
7624
5576
4406
4902
1120
8691
6519
618
6484
9915
2337
7317
776
2937
1522
8743
5200
3053
7724
4840
4575
4033
1220
2055
3934
6426
2044
8465
9790
4729
8872
5372
3575
5488
8733
5005
810
9847
6878
8594
8299
741
3286
7038
5007
1364
7496
1777
1884
5962
1148
7598
35
6930
9175
7829
5135
